TAI-UT1: IERS A/B via Astropy including forecast for about a year
(A3,2X,I5,6(I7,1X),1X,I2)        2                  6  5           1.E-4
     41684 111921  112067  112248  112405  112567  112725 
     41714 112859  113028  113208  113372  113562  113716 
     41744 113863  114043  114203  114391  114584  114747 
     41774 114935  115124  115291  115476  115630  115782 
     41804 115968  116134  116314  116476  116604  116756 
     41834 116911  117059  117220  117344  117467  117604 
     41864 117714  117845  117959  118058  118193  118329 
     41894 118459  118596  118694  118809  118952  119079 
     41924 119237  119376  119494  119642  119782  119929 
     41954 120098  120236  120387  120554  120699  120872 
     41984 121028  121174  121353  121528  121707  121883 
     42014 122019  122165  122325  122471  122642  122778 
     42044 122896  123035  123164  123303  123435  123532 
     42074 123654  123795  123930  124094  124224  124348 
     42104 124498  124635  124795  124965  125106  125264 
     42134 125421  125561  125725  125863  126012  126195 
     42164 126365  126549  126721  126859  127012  127164 
     42194 127307  127465  127583  127693  127812  127914 
     42224 128037  128143  128227  128332  128433  128531 
     42254 128645  128726  128821  128939  129047  129187 
     42284 129308  129407  129525  129638  129763  129920 
     42314 130042  130172  130316  130450  130621  130781 
     42344 130918  131068  131208  131358  131530  131671 
     42374 131822  131979  132121  132284  132424  132549 
     42404 132688  132814  132952  133098  133216  133351 
     42434 133493  133628  133794  133936  134075  134230 
     42464 134370  134520  134675  134796  134936  135085 
     42494 135233  135415  135566  135704  135851  135990 
     42524 136150  136324  136467  136616  136755  136885 
     42554 137040  137170  137292  137418  137528  137657 
     42584 137786  137888  137994  138086  138174  138285 
     42614 138365  138449  138545  138633  138752  138872 
     42644 138972  139087  139193  139301  139443  139556 
     42674 139676  139807  139932  140092  140257  140400 
     42704 140556  140699  140846  141024  141177  141332 
     42734 141485  141625  141786  141941  142075  142215 
     42764 142345  142484  142640  142766  142896  143024 
     42794 143149  143311  143466  143610  143762  143896 
     42824 144041  144202  144333  144476  144623  144768 
     42854 144950  145120  145280  145450  145609  145780 
     42884 145971  146129  146290  146444  146593  146774 
     42914 146945  147102  147254  147383  147519  147666 
     42944 147784  147902  148004  148101  148228  148348 
     42974 148467  148586  148690  148814  148948  149060 
     43004 149177  149279  149383  149525  149656  149796 
     43034 149947  150090  150260  150441  150601  150768 
     43064 150921  151076  151264  151435  151603  151761 
     43094 151899  152051  152214  152363  152517  152656 
     43124 152793  152950  153089  153228  153360  153481 
     43154 153627  153778  153921  154068  154194  154322 
     43184 154470  154599  154738  154873  155000  155154 
     43214 155311  155462  155632  155788  155947  156124 
     43244 156276  156437  156598  156751  156927  157101 
     43274 157259  157412  157541  157670  157816  157944 
     43304 158074  158182  158273  158381  158485  158584 
     43334 158680  158757  158849  158961  159061  159167 
     43364 159251  159330  159438  159550  159675  159813 
     43394 159938  160080  160238  160381  160535  160673 
     43424 160806  160973  161141  161312  161480  161624 
     43454 161779  161950  162109  162271  162411  162544 
     43484 162700  162862  163036  163206  163353  163507 
     43514 163670  163827  163993  164136  164277  164438 
     43544 164599  164779  164961  165131  165315  165497 
     43574 165666  165845  166003  166161  166342  166512 
     43604 166691  166864  167018  167187  167358  167516 
     43634 167679  167823  167968  168134  168290  168447 
     43664 168583  168692  168808  168925  169037  169151 
     43694 169241  169331  169432  169523  169626  169714 
     43724 169792  169895  170009  170132  170266  170375 
     43754 170492  170623  170742  170878  171009  171137 
     43784 171293  171451  171609  171774  171911  172053 
     43814 172209  172358  172523  172676  172819  172981 
     43844 173140  173298  173455  173585  173719  173867 
     43874 174016  174183  174330  174463  174609  174758 
     43904 174921  175083  175213  175348  175489  175628 
     43934 175792  175934  176068  176220  176370  176534 
     43964 176703  176845  176998  177161  177319  177496 
     43994 177646  177783  177932  178075  178225  178369 
     44024 178480  178593  178707  178819  178949  179058 
     44054 179162  179274  179375  179487  179585  179659 
     44084 179744  179838  179943  180072  180173  180269 
     44114 180370  180466  180589  180711  180813  180929 
     44144 181050  181182  181343  181477  181610  181748 
     44174 181872  182014  182151  182266  182393  182516 
     44204 182641  182788  182911  183036  183167  183286 
     44234 183423  183550  183661  183787  183914  184050 
     44264 184194  184305  184413  184522  184627  184774 
     44294 184916  185033  185148  185255  185378  185529 
     44324 185657  185793  185931  186053  186200  186337 
     44354 186462  186596  186713  186837  186979  187094 
     44384 187212  187320  187410  187521  187622  187713 
     44414 187811  187893  187980  188073  188143  188224 
     44444 188305  188383  188483  188557  188628  188715 
     44474 188799  188909  189026  189119  189231  189345 
     44504 189458  189601  189718  189831  189955  190069 
     44534 190207  190359  190481  190609  190723  190833 
     44564 190978  191108  191227  191344  191449  191579 
     44594 191715  191824  191941  192052  192165  192304 
     44624 192422  192541  192652  192740  192857  192988 
     44654 193102  193215  193326  193459  193626  193764 
     44684 193894  194014  194118  194258  194404  194537 
     44714 194682  194810  194939  195091  195208  195329 
     44744 195448  195553  195677  195799  195905  196018 
     44774 196102  196177  196263  196328  196401  196456 
     44804 196494  196569  196649  196728  196815  196882 
     44834 196961  197052  197111  197187  197258  197328 
     44864 197443  197553  197666  197789  197889  198002 
     44894 198139  198250  198373  198484  198583  198718 
     44924 198841  198952  199055  199140  199249  199382 
     44954 199492  199611  199711  199803  199926  200038 
     44984 200149  200253  200330  200426  200538  200637 
     45014 200753  200852  200958  201104  201226  201342 
     45044 201454  201550  201676  201814  201941  202087 
     45074 202203  202316  202464  202598  202738  202862 
     45104 202949  203058  203184  203295  203412  203499 
     45134 203585  203696  203783  203874  203946  203998 
     45164 204079  204163  204232  204308  204355  204412 
     45194 204496  204569  204671  204764  204847  204972 
     45224 205092  205198  205320  205414  205524  205657 
     45254 205764  205888  205993  206087  206214  206332 
     45284 206454  206588  206693  206812  206952  207071 
     45314 207209  207328  207435  207572  207702  207836 
     45344 207970  208080  208220  208386  208537  208710 
     45374 208850  208976  209123  209265  209428  209591 
     45404 209713  209859  210014  210154  210325  210466 
     45434 210598  210749  210883  211026  211163  211265 
     45464 211385  211517  211636  211771  211871  211968 
     45494 212087  212189  212304  212404  212469  212546 
     45524 212621  212680  212765  212823  212884  212971 
     45554 213046  213145  213232  213297  213387  213476 
     45584 213561  213673  213748  213832  213934  214022 
     45614 214151  214263  214350  214459  214563  214682 
     45644 214834  214944  215060  215188  215289  215415 
     45674 215519  215601  215708  215805  215906  216023 
     45704 216078  216165  216266  216340  216442  216511 
     45734 216562  216646  216723  216810  216911  216977 
     45764 217063  217160  217247  217376  217475  217563 
     45794 217668  217748  217852  217977  218059  218159 
     45824 218256  218332  218443  218519  218583  218661 
     45854 218715  218785  218853  218889  218946  218999 
     45884 219033  219087  219101  219127  219170  219195 
     45914 219260  219315  219343  219409  219471  219524 
     45944 219623  219683  219743  219820  219879  219977 
     45974 220074  220146  220240  220320  220396  220519 
     46004 220597  220684  220775  220834  220933  221031 
     46034 221100  221191  221262  221332  221424  221477 
     46064 221554  221642  221710  221814  221893  221952 
     46094 222034  222088  222149  222238  222296  222384 
     46124 222469  222530  222644  222742  222835  222946 
     46154 223028  223120  223233  223305  223409  223503 
     46184 223575  223693  223782  223858  223944  223998 
     46214 224072  224172  224231  224305  224359  224401 
     46244 224481  224525  224553  224585  224594  224634 
     46274 224681  224698  224744  224767  224787  224856 
     46304 224889  224935  224998  225031  225104  225185 
     46334 225242  225333  225405  225478  225599  225683 
     46364 225785  225884  225945  226044  226148  226227 
     46394 226330  226402  226474  226585  226656  226739 
     46424 226809  226844  226910  226986  227046  227133 
     46454 227187  227256  227360  227428  227517  227593 
     46484 227638  227722  227793  227856  227934  227970 
     46514 228027  228130  228193  228286  228367  228426 
     46544 228529  228609  228687  228788  228848  228908 
     46574 228991  229035  229095  229123  229131  229179 
     46604 229219  229260  229306  229319  229356  229402 
     46634 229420  229472  229487  229499  229554  229584 
     46664 229627  229677  229693  229739  229801  229848 
     46694 229934  229995  230058  230164  230234  230318 
     46724 230406  230467  230553  230638  230695  230783 
     46754 230838  230893  230984  231037  231114  231176 
     46784 231209  231286  231363  231426  231510  231550 
     46814 231598  231679  231727  231810  231882  231934 
     46844 232024  232106  232196  232319  232387  232465 
     46874 232569  232643  232749  232831  232894  232992 
     46904 233070  233145  233244  233301  233367  233453 
     46934 233506  233593  233660  233703  233770  233823 
     46964 233879  233940  233956  233990  234035  234055 
     46994 234110  234125  234133  234172  234189  234232 
     47024 234280  234298  234358  234422  234463  234552 
     47054 234603  234656  234751  234816  234905  235003 
     47084 235060  235149  235238  235307  235416  235489 
     47114 235566  235668  235740  235836  235927  235982 
     47144 236065  236144  236221  236327  236390  236460 
     47174 236550  236611  236694  236753  236796  236882 
     47204 236967  237054  237182  237256  237353  237462 
     47234 237527  237619  237700  237763  237868  237961 
     47264 238055  238181  238245  238321  238413  238477 
     47294 238582  238666  238722  238806  238869  238930 
     47324 239002  239027  239065  239099  239102  239145 
     47354 239158  239169  239207  239226  239264  239309 
     47384 239314  239348  239385  239401  239464  239490 
     47414 239521  239575  239610  239679  239761  239808 
     47444 239876  239969  240029  240137  240204  240278 
     47474 240376  240444  240540  240642  240708  240800 
     47504 240875  240932  241019  241063  241116  241186 
     47534 241230  241303  241371  241416  241505  241560 
     47564 241636  241739  241787  241851  241927  241981 
     47594 242081  242177  242242  242337  242410  242475 
     47624 242578  242636  242721  242820  242901  243015 
     47654 243107  243177  243269  243338  243420  243530 
     47684 243585  243654  243716  243749  243822  243860 
     47714 243888  243943  243979  244037  244113  244143 
     47744 244197  244244  244282  244372  244426  244474 
     47774 244543  244581  244646  244740  244795  244881 
     47804 244954  245020  245140  245236  245342  245455 
     47834 245540  245647  245772  245865  245989  246095 
     47864 246191  246314  246401  246494  246596  246664 
     47894 246755  246854  246919  247013  247086  247165 
     47924 247297  247403  247529  247655  247746  247862 
     47954 247975  248067  248193  248293  248409  248565 
     47984 248670  248792  248910  249002  249131  249249 
     48014 249333  249438  249516  249606  249733  249819 
     48044 249919  250002  250063  250159  250245  250317 
     48074 250401  250454  250512  250588  250627  250695 
     48104 250757  250805  250894  250972  251052  251154 
     48134 251221  251302  251412  251486  251598  251693 
     48164 251780  251911  252015  252119  252231  252317 
     48194 252434  252573  252672  252799  252898  252991 
     48224 253124  253239  253358  253465  253538  253640 
     48254 253757  253856  253986  254087  254186  254306 
     48284 254403  254519  254637  254728  254849  254965 
     48314 255075  255218  255315  255414  255553  255662 
     48344 255790  255915  256015  256137  256258  256365 
     48374 256502  256605  256713  256850  256959  257075 
     48404 257162  257234  257338  257449  257549  257646 
     48434 257696  257749  257823  257871  257954  258017 
     48464 258063  258135  258190  258252  258340  258399 
     48494 258471  258568  258652  258776  258880  258961 
     48524 259075  259184  259291  259411  259492  259579 
     48554 259689  259789  259922  260029  260127  260253 
     48584 260363  260490  260623  260723  260838  260962 
     48614 261063  261189  261287  261387  261517  261632 
     48644 261773  261908  262016  262144  262271  262381 
     48674 262524  262636  262744  262882  263007  263165 
     48704 263323  263448  263592  263730  263859  264028 
     48734 264157  264277  264414  264519  264647  264767 
     48764 264865  264979  265077  265162  265266  265337 
     48794 265416  265506  265570  265651  265714  265760 
     48824 265831  265901  265975  266075  266141  266220 
     48854 266311  266394  266517  266616  266691  266794 
     48884 266884  266980  267106  267199  267309  267428 
     48914 267533  267681  267810  267919  268042  268152 
     48944 268277  268420  268528  268650  268781  268901 
     48974 269048  269163  269272  269405  269530  269665 
     49004 269802  269907  270031  270163  270287  270449 
     49034 270574  270697  270835  270951  271087  271240 
     49064 271368  271508  271640  271760  271919  272061 
     49094 272201  272345  272476  272628  272785  272905 
     49124 273032  273151  273264  273402  273508  273610 
     49154 273718  273806  273912  274010  274082  274161 
     49184 274231  274305  274411  274488  274576  274670 
     49214 274746  274858  274967  275049  275150  275244 
     49244 275345  275480  275586  275701  275814  275924 
     49274 276069  276213  276336  276472  276591  276710 
     49304 276859  276978  277099  277214  277307  277426 
     49334 277551  277670  277800  277912  278032  278164 
     49364 278268  278383  278487  278589  278725  278836 
     49394 278941  279056  279160  279290  279452  279581 
     49424 279711  279828  279940  280092  280226  280350 
     49454 280478  280589  280714  280864  280989  281120 
     49484 281236  281347  281482  281593  281690  281783 
     49514 281856  281947  282044  282108  282172  282221 
     49544 282276  282368  282445  282517  282588  282646 
     49574 282725  282803  282869  282954  283031  283115 
     49604 283237  283351  283475  283596  283695  283815 
     49634 283950  284068  284190  284290  284400  284543 
     49664 284667  284789  284906  285009  285138  285268 
     49694 285386  285510  285622  285754  285905  286040 
     49724 286188  286311  286417  286547  286686  286823 
     49754 286961  287081  287197  287336  287462  287607 
     49784 287752  287888  288044  288191  288322  288464 
     49814 288589  288724  288879  289016  289159  289287 
     49844 289409  289551  289692  289820  289934  290030 
     49874 290139  290258  290363  290473  290554  290614 
     49904 290697  290774  290855  290930  290975  291027 
     49934 291098  291166  291253  291324  291396  291497 
     49964 291597  291706  291814  291906  292020  292150 
     49994 292269  292401  292510  292610  292730  292846 
     50024 292975  293100  293203  293326  293467  293601 
     50054 293736  293849  293961  294092  294218  294353 
     50084 294465  294545  294641  294738  294832  294932 
     50114 295006  295089  295193  295292  295413  295521 
     50144 295613  295732  295859  295971  296092  296190 
     50174 296293  296415  296532  296658  296768  296865 
     50204 296983  297110  297231  297360  297456  297542 
     50234 297639  297724  297823  297910  297971  298046 
     50264 298117  298181  298246  298290  298341  298406 
     50294 298471  298554  298606  298643  298696  298753 
     50324 298821  298903  298954  299020  299107  299190 
     50354 299302  299397  299478  299578  299678  299785 
     50384 299900  299986  300082  300188  300284  300390 
     50414 300478  300559  300648  300731  300828  300931 
     50444 301017  301111  301208  301304  301413  301498 
     50474 301571  301651  301719  301808  301903  301982 
     50504 302074  302175  302284  302423  302544  302665 
     50534 302793  302914  303051  303186  303297  303414 
     50564 303522  303623  303745  303853  303951  304054 
     50594 304154  304271  304382  304459  304537  304603 
     50624 304657  304722  304755  304792  304845  304902 
     50654 304992  305077  305140  305211  305277  305345 
     50684 305435  305502  305574  305653  305725  305831 
     50714 305936  306027  306127  306223  306329  306454 
     50744 306550  306644  306748  306854  306981  307086 
     50774 307165  307247  307319  307400  307509  307591 
     50804 307670  307752  307819  307912  307997  308073 
     50834 308159  308245  308351  308475  308580  308678 
     50864 308773  308868  308993  309103  309199  309304 
     50894 309394  309500  309622  309715  309812  309905 
     50924 309992  310112  310213  310302  310391  310467 
     50954 310562  310673  310746  310811  310860  310897 
     50984 310945  310974  310998  311024  311031  311054 
     51014 311082  311089  311112  311132  311155  311201 
     51044 311220  311239  311269  311299  311356  311416 
     51074 311454  311508  311555  311607  311698  311769 
     51104 311836  311908  311969  312052  312147  312221 
     51134 312295  312360  312427  312516  312579  312636 
     51164 312686  312720  312773  312833  312877  312930 
     51194 312968  313002  313067  313126  313191  313251 
     51224 313299  313373  313442  313489  313537  313574 
     51254 313628  313709  313772  313840  313904  313962 
     51284 314048  314129  314193  314265  314315  314362 
     51314 314436  314491  314554  314598  314629  314686 
     51344 314738  314772  314802  314803  314806  314835 
     51374 314851  314876  314888  314890  314923  314947 
     51404 314965  314996  315012  315050  315105  315140 
     51434 315177  315198  315226  315281  315320  315374 
     51464 315435  315476  315538  315627  315691  315765 
     51494 315828  315891  315978  316039  316101  316158 
     51524 316200  316260  316331  316386  316445  316476 
     51554 316501  316554  316601  316657  316710  316739 
     51584 316786  316834  316872  316931  316964  317003 
     51614 317070  317115  317163  317207  317229  317281 
     51644 317334  317383  317452  317498  317539  317611 
     51674 317659  317718  317767  317795  317833  317869 
     51704 317901  317937  317936  317936  317955  317960 
     51734 317987  318004  317997  317995  317995  317999 
     51764 318011  318001  318008  318039  318063  318107 
     51794 318127  318127  318153  318179  318211  318261 
     51824 318277  318315  318378  318427  318501  318560 
     51854 318602  318665  318709  318751  318803  318830 
     51884 318878  318938  318975  319021  319045  319064 
     51914 319101  319132  319165  319198  319199  319217 
     51944 319237  319248  319301  319338  319375  319442 
     51974 319496  319565  319624  319648  319689  319737 
     52004 319777  319845  319874  319905  319951  319984 
     52034 320046  320105  320137  320189  320226  320241 
     52064 320268  320254  320246  320254  320249  320268 
     52094 320276  320263  320265  320260  320244  320249 
     52124 320219  320206  320222  320227  320266  320282 
     52154 320276  320297  320305  320318  320359  320367 
     52184 320390  320433  320460  320527  320576  320606 
     52214 320660  320693  320737  320807  320839  320879 
     52244 320921  320938  320987  321023  321047  321104 
     52274 321151  321202  321254  321261  321275  321303 
     52304 321327  321395  321435  321461  321510  321550 
     52334 321610  321677  321707  321753  321788  321815 
     52364 321884  321917  321946  321990  322007  322046 
     52394 322100  322114  322153  322193  322225  322290 
     52424 322310  322316  322316  322287  322284  322292 
     52454 322288  322304  322309  322304  322328  322307 
     52484 322285  322271  322239  322248  322255  322243 
     52514 322255  322255  322257  322299  322304  322315 
     52544 322331  322328  322364  322395  322410  322447 
     52574 322468  322489  322544  322557  322580  322604 
     52604 322616  322670  322714  322742  322791  322812 
     52634 322838  322889  322908  322947  322984  322999 
     52664 323037  323054  323062  323098  323114  323149 
     52694 323199  323214  323243  323271  323293  323362 
     52724 323392  323420  323466  323490  323532  323586 
     52754 323593  323624  323641  323642  323689  323712 
     52784 323734  323758  323745  323742  323753  323725 
     52814 323718  323690  323651  323640  323600  323579 
     52844 323566  323536  323537  323537  323517  323528 
     52874 323512  323494  323524  323517  323525  323535 
     52904 323524  323552  323575  323586  323620  323626 
     52934 323642  323699  323704  323722  323738  323739 
     52964 323777  323808  323814  323836  323828  323823 
     52994 323856  323867  323891  323906  323910  323961 
     53024 323997  324017  324050  324044  324053  324093 
     53054 324103  324146  324175  324173  324210  324225 
     53084 324243  324298  324325  324369  324435  324459 
     53114 324507  324525  324522  324567  324600  324633 
     53144 324678  324683  324693  324712  324704  324723 
     53174 324715  324691  324697  324677  324659  324639 
     53204 324590  324572  324565  324538  324546  324526 
     53234 324507  324528  324521  324532  324538  324503 
     53264 324516  324530  324526  324560  324567  324582 
     53294 324633  324643  324673  324703  324705  324748 
     53324 324795  324823  324874  324884  324899  324947 
     53354 324965  325010  325034  325030  325059  325083 
     53384 325113  325164  325176  325190  325224  325241 
     53414 325306  325347  325381  325457  325522  325579 
     53444 325642  325650  325679  325730  325744  325798 
     53474 325826  325852  325916  325960  326004  326062 
     53504 326080  326114  326151  326145  326174  326168 
     53534 326149  326161  326150  326151  326144  326096 
     53564 326078  326065  326031  326049  326030  326009 
     53594 326026  326013  326024  326031  325991  325992 
     53624 326007  326011  326067  326075  326081  326114 
     53654 326121  326155  326195  326206  326246  326281 
     53684 326303  326369  326390  326420  326466  326477 
     53714 326512  326539  326547  326587  326611  326626 
     53744 326665  326660  326669  326700  326723  326788 
     53774 326832  326858  326908  326946  326991  327076 
     53804 327104  327139  327185  327215  327301  327360 
     53834 327396  327456  327492  327540  327623  327664 
     53864 327726  327795  327837  327908  327947  327965 
     53894 328001  327996  328006  328038  328039  328074 
     53924 328111  328116  328162  328172  328171  328192 
     53954 328191  328216  328249  328247  328276  328298 
     53984 328310  328379  328408  328441  328496  328531 
     54014 328606  328697  328744  328812  328872  328917 
     54044 329008  329055  329107  329164  329197  329264 
     54074 329333  329375  329444  329487  329527  329604 
     54104 329641  329689  329752  329795  329883  329962 
     54134 330019  330102  330158  330204  330273  330299 
     54164 330345  330401  330433  330514  330581  330627 
     54194 330700  330765  330837  330941  330988  331052 
     54224 331113  331151  331240  331312  331361  331420 
     54254 331444  331472  331521  331525  331556  331574 
     54284 331577  331618  331625  331625  331637  331614 
     54314 331618  331644  331627  331636  331636  331619 
     54344 331656  331672  331697  331738  331755  331803 
     54374 331871  331901  331952  331986  332017  332091 
     54404 332126  332168  332216  332237  332301  332388 
     54434 332441  332516  332546  332567  332628  332662 
     54464 332709  332760  332789  332842  332893  332928 
     54494 333000  333040  333085  333162  333201  333258 
     54524 333306  333322  333383  333433  333470  333540 
     54554 333586  333636  333722  333758  333816  333869 
     54584 333902  333976  334046  334105  334180  334210 
     54614 334240  334296  334319  334362  334381  334381 
     54644 334421  334449  334472  334499  334484  334492 
     54674 334525  334530  334563  334571  334568  334601 
     54704 334616  334642  334685  334694  334741  334810 
     54734 334843  334908  334947  334974  335045  335100 
     54764 335170  335241  335276  335329  335403  335453 
     54794 335541  335603  335653  335731  335778  335841 
     54824 335892  335907  335953  336008  336047  336114 
     54854 336132  336148  336193  336219  336278  336317 
     54884 336326  336372  336427  336476  336557  336597 
     54914 336648  336726  336772  336843  336911  336953 
     54944 337030  337100  337163  337244  337278  337320 
     54974 337388  337431  337497  337535  337554  337599 
     55004 337629  337646  337670  337654  337651  337662 
     55034 337659  337689  337694  337687  337713  337723 
     55064 337743  337781  337786  337814  337854  337873 
     55094 337933  337964  337988  338050  338090  338139 
     55124 338201  338230  338282  338336  338373  338433 
     55154 338464  338497  338560  338600  338656  338708 
     55184 338740  338798  338847  338874  338937  338961 
     55214 338986  339036  339071  339140  339211  339244 
     55244 339304  339372  339431  339526  339576  339626 
     55274 339685  339720  339790  339863  339909  339980 
     55304 340048  340110  340199  340244  340277  340334 
     55334 340372  340444  340498  340522  340557  340573 
     55364 340585  340604  340579  340568  340563  340536 
     55394 340544  340534  340502  340495  340477  340479 
     55424 340506  340491  340497  340509  340508  340550 
     55454 340565  340565  340587  340599  340635  340711 
     55484 340752  340806  340855  340887  340962  341017 
     55514 341053  341109  341140  341187  341244  341268 
     55544 341303  341327  341340  341389  341409  341426 
     55574 341455  341472  341508  341552  341571  341607 
     55604 341635  341664  341738  341774  341812  341867 
     55634 341904  341962  342027  342075  342147  342200 
     55664 342245  342321  342369  342417  342468  342511 
     55694 342582  342660  342702  342749  342784  342819 
     55724 342873  342892  342909  342917  342906  342921 
     55754 342925  342913  342922  342916  342911  342940 
     55784 342936  342940  342947  342942  342979  343009 
     55814 343023  343055  343079  343124  343205  343255 
     55844 343320  343375  343404  343467  343526  343577 
     55874 343644  343683  343732  343804  343846  343900 
     55904 343939  343972  344037  344090  344147  344214 
     55934 344255  344310  344377  344417  344471  344504 
     55964 344533  344600  344643  344682  344718  344735 
     55994 344777  344846  344908  344984  345042  345099 
     56024 345187  345248  345309  345368  345410  345463 
     56054 345529  345575  345627  345658  345685  345739 
     56084 345780  345821  345848  345848  345857  345867 
     56114 345861  345873  345862  345863  345889  345898 
     56144 345921  345934  345928  345948  345971  345990 
     56174 346030  346047  346076  346143  346181  346239 
     56204 346287  346316  346376  346437  346480  346536 
     56234 346575  346623  346695  346762  346847  346912 
     56264 346958  347022  347081  347132  347177  347203 
     56294 347239  347296  347343  347413  347472  347529 
     56324 347603  347659  347718  347776  347811  347871 
     56354 347955  348031  348123  348198  348259  348347 
     56384 348434  348519  348605  348663  348733  348820 
     56414 348891  348974  349035  349084  349155  349215 
     56444 349261  349290  349298  349322  349362  349394 
     56474 349426  349421  349413  349431  349446  349470 
     56504 349491  349491  349507  349529  349553  349594 
     56534 349613  349632  349676  349712  349767  349822 
     56564 349860  349912  349974  350033  350106  350152 
     56594 350206  350279  350340  350407  350469  350514 
     56624 350578  350645  350707  350771  350809  350852 
     56654 350920  350983  351050  351095  351126  351182 
     56684 351239  351297  351358  351390  351436  351504 
     56714 351564  351656  351734  351788  351850  351908 
     56744 351981  352065  352127  352190  352260  352323 
     56774 352414  352491  352548  352618  352674  352738 
     56804 352799  352826  352852  352888  352923  352978 
     56834 353007  353019  353042  353060  353094  353128 
     56864 353132  353145  353161  353170  353208  353229 
     56894 353239  353261  353287  353334  353385  353416 
     56924 353458  353499  353540  353614  353670  353719 
     56954 353783  353836  353903  353977  354023  354077 
     56984 354135  354188  354259  354315  354369  354432 
     57014 354483  354549  354609  354643  354693  354749 
     57044 354808  354880  354925  354979  355044  355102 
     57074 355183  355251  355295  355354  355423  355504 
     57104 355613  355695  355764  355827  355893  355986 
     57134 356062  356117  356185  356241  356306  356398 
     57164 356464  356516  356562  356596  356646  356678 
     57194 356693  356730  356766  356810  356873  356903 
     57224 356927  356952  356974  357028  357073  357106 
     57254 357147  357187  357245  357330  357388  357446 
     57284 357509  357572  357669  357748  357814  357895 
     57314 357968  358055  358165  358244  358320  358395 
     57344 358466  358551  358630  358707  358790  358866 
     57374 358946  359041  359114  359204  359299  359389 
     57404 359496  359584  359664  359737  359799  359888 
     57434 359981  360049  360134  360220  360313  360433 
     57464 360535  360632  360734  360825  360926  361037 
     57494 361119  361203  361278  361348  361450  361535 
     57524 361612  361694  361765  361845  361928  361981 
     57554 362024  362046  362065  362115  362153  362181 
     57584 362200  362201  362220  362247  362269  362304 
     57614 362327  362353  362406  362443  362482  362528 
     57644 362564  362624  362691  362749  362817  362869 
     57674 362932  363031  363108  363180  363252  363317 
     57704 363411  363501  363568  363645  363709  363776 
     57734 363862  363928  363991  364045  364087  364156 
     57764 364227  364289  364349  364393  364444  364515 
     57794 364577  364657  364724  364774  364847  364917 
     57824 364987  365066  365125  365201  365295  365366 
     57854 365446  365522  365597  365698  365783  365855 
     57884 365927  365980  366041  366122  366180  366246 
     57914 366286  366307  366343  366372  366399  366422 
     57944 366427  366448  366476  366492  366525  366538 
     57974 366547  366578  366594  366616  366634  366640 
     58004 366668  366711  366746  366799  366831  366863 
     58034 366916  366958  367014  367077  367121  367180 
     58064 367250  367308  367379  367422  367461  367530 
     58094 367593  367663  367715  367742  367783  367836 
     58124 367877  367911  367919  367932  367976  368023 
     58154 368099  368161  368200  368252  368302  368347 
     58184 368405  368443  368488  368549  368596  368659 
     58214 368711  368746  368798  368855  368914  368984 
     58244 369024  369063  369115  369146  369194  369227 
     58274 369244  369279  369307  369322  369329  369300 
     58304 369277  369281  369283  369306  369307  369300 
     58334 369311  369317  369337  369356  369350  369355 
     58364 369372  369382  369425  369441  369451  369491 
     58394 369529  369582  369642  369669  369709  369770 
     58424 369815  369878  369919  369959  370023  370078 
     58454 370138  370182  370203  370240  370282  370311 
     58484 370362  370391  370411  370450  370490  370551 
     58514 370606  370633  370682  370740  370795  370866 
     58544 370897  370929  370980  371021  371090  371153 
     58574 371192  371250  371307  371352  371419  371450 
     58604 371486  371533  371564  371615  371656  371669 
     58634 371695  371714  371726  371753  371747  371744 
     58664 371745  371723  371721  371698  371657  371635 
     58694 371613  371599  371605  371573  371552  371543 
     58724 371528  371548  371551  371534  371533  371516 
     58754 371518  371539  371520  371516  371531  371538 
     58784 371577  371592  371598  371629  371644  371663 
     58814 371698  371701  371714  371726  371720  371747 
     58844 371762  371772  371793  371789  371808  371852 
     58874 371872  371905  371928  371938  371981  371991 
     58904 372013  372050  372077  372132  372188  372206 
     58934 372231  372250  372273  372346  372379  372395 
     58964 372417  372422  372457  372497  372508  372532 
     58994 372541  372537  372561  372546  372516  372490 
     59024 372436  372408  372375  372313  372261  372197 
     59054 372140  372111  372061  372030  372004  371952 
     59084 371932  371901  371844  371813  371775  371756 
     59114 371770  371750  371732  371721  371694  371715 
     59144 371731  371738  371753  371750  371755  371790 
     59174 371782  371789  371790  371775  371797  371797 
     59204 371783  371785  371760  371744  371749  371725 
     59234 371712  371694  371667  371688  371693  371702 
     59264 371720  371698  371698  371720  371710  371722 
     59294 371717  371706  371737  371744  371758  371779 
     59324 371778  371800  371834  371824  371833  371828 
     59354 371821  371850  371846  371837  371826  371784 
     59384 371762  371747  371690  371652  371590  371530 
     59414 371512  371475  371447  371418  371368  371338 
     59444 371307  371256  371229  371183  371146  371143 
     59474 371108  371093  371080  371047  371050  371057 
     59504 371048  371062  371046  371041  371074  371069 
     59534 371083  371078  371054  371068  371075  371078 
     59564 371093  371080  371078  371104  371099  371116 
     59594 371112  371084  371090  371084  371072  371073 
     59624 371036  371025  371037  371021  371036  371023 
     59654 370995  371005  370997  370992  371000  370975 
     59684 370969  370989  370974  370976  370965  370948 
     59714 370974  370979  370982  370978  370926  370894 
     59744 370871  370816  370783  370718  370650  370621 
     59774 370564  370523  370476  370404  370363  370330 
     59804 370286  370263  370200  370147  370132  370104 
     59834 370106  370100  370060  370051  370046  370032 
     59864 370055  370047  370057  370099  370102  370138 
     59894 370162  370153  370179  370197  370196  370211 
     59924 370187  370171  370181  370172  370195  370190 
     59954 370170  370176  370168  370154  370157  370124 
     59984 370113  370125  370113  370145  370153  370149 
     60014 370184  370201  370220  370254  370244  370258 
     60044 370288  370293  370334  370341  370338  370368 
     60074 370382  370418  370463  370454  370455  370460 
     60104 370440  370449  370421  370385  370370  370335 
     60134 370310  370278  370218  370195  370174  370139 
     60164 370139  370094  370050  370028  369983  369978 
     60194 369965  369920  369906  369888  369861  369886 
     60224 369866  369855  369867  369855  369878  369887 
     60254 369869  369886  369894  369889  369906  369884 
     60284 369877  369888  369873  369899  369917  369911 
     60314 369927  369926  369922  369944  369932  369945 
     60344 369968  369965  370008  370027  370017  370031 
     60374 370030  370041  370091  370092  370116  370144 
     60404 370135  370168  370175  370168  370189  370184 
     60434 370186  370216  370200  370206  370211  370193 
     60464 370216  370203  370173  370150  370090  370050 
     60494 370019  369943  369894  369850  369796  369784 
     60524 369734  369680  369642  369580  369555  369534 
     60554 369482  369462  369436  369406  369431  369417 
     60584 369410  369412  369397  369421  369452  369442 
     60614 369461  369458  369449  369483  369478  369489 
     60644 369506  369491  369503  369519  369515  369541 
     60674 369543  369541  369575  369560  369557  369552 
     60704 369521  369538  369539  369527  369545  369535 
     60734 369536  369577  369577  369608  369638  369642 
     60764 369695  369724  369737  369770  369770  369781 
     60794 369824  369818  369831  369829  369800  369813 
     60824 369801  369778  369765  369716  369682  369669 
     60854 369613  369583  369531  369462  369437  369382 
     60884 369332  369295  369226  369186  369158  369100 
     60914 369078  369041  369007  369027  369012  369001 
     60944 368996  368964  368971  368990  368978  369008 
     60974 369022  369032  369090  369107  369130  369151 
     61004 369133  369142  369158  369148  369154  369126 
     61034 369093  369097  369081  369090  369091  369063 
     61064 369070  369069  369053  369067  369062           5
END
